9.756608397621615580e+00
3.507777164903789657e+00
2.212136055223901110e+00
1.667088014696844311e+00
1.318415020993094267e+00
1.064857211740480869e+00
8.733524330487728582e-01
7.256972023980633457e-01
6.098228335948219225e-01
5.173961169225568257e-01
4.425810831023381797e-01
3.812341600687140231e-01
3.303656052914683006e-01
2.877799975760864104e-01
2.518360557936325517e-01
2.212851252691093729e-01
1.951614248769649174e-01
1.727065016489228444e-01
1.533164782109761870e-01
1.365046465290032096e-01
1.218745178124089473e-01
1.091000895664030884e-01
9.791116330958142544e-02
8.808224825325015883e-02
7.942404923717284737e-02
7.177684542280378388e-02
6.500527337928049820e-02
5.899416882676981888e-02
5.364521781610535889e-02
4.887423512510596924e-02
4.460893473121061575e-02
4.078709072234558419e-02
3.735501116336072819e-02
3.426626508646245239e-02
3.148061584711060734e-02
2.896312389896538164e-02
2.668338950188216610e-02
2.461491161974021374e-02
2.273454373700107417e-02
2.102203084299496608e-02
1.945961463088643345e-02
1.803169620190864936e-02
1.672454737882542869e-02
1.552606320846407206e-02
1.442554944181115642e-02
1.341353977536091646e-02
1.248163846077733098e-02
1.162238457401904360e-02
1.082913480556846678e-02
1.009596211073351610e-02
9.417567959545288664e-03
8.789206262786435769e-03
8.206617334910249958e-03
7.665970494825959103e-03
7.163814108940832169e-03
6.697032053412425856e-03
6.262805719188302422e-03
5.858580808184837146e-03
5.482038275285498231e-03
5.131068861564156737e-03
4.803750741647115977e-03
4.498329874416112997e-03
4.213202703010746064e-03
3.946900898729148108e-03
3.698077885153869173e-03
3.465496914655952308e-03
3.248020500221071496e-03
3.044601032020631017e-03
2.854272430944605667e-03
2.676142710947472178e-03
2.509387338983415632e-03
2.353243295909954180e-03
2.207003754342740966e-03
2.070013300336025035e-03
1.941663635175951705e-03
1.821389701720224109e-03
1.708666186767232717e-03
1.603004357047611850e-03
1.503949191726865805e-03
1.411076778903339437e-03
1.323991947575215399e-03
1.242326110018868342e-03
1.165735292534948297e-03
1.093898335145253829e-03
1.026515243109060206e-03
9.633056751231895785e-04
9.040075548103594042e-04
8.483757936220643952e-04
7.961811146128615997e-04
7.472089677087757073e-04
7.012585281135887355e-04
6.581417703949358870e-04
6.176826115797189824e-04
5.797161172833826355e-04
5.440877655083237868e-04
5.106527632880177546e-04
4.792754118301143710e-04
4.498285162349882865e-04
4.221928362412952305e-04
3.962565747833999077e-04
3.719149014417770624e-04
3.490695081326740954e-04
3.276281946187899977e-04
3.075044816347886401e-04
2.886172496103406619e-04
2.708904011445113563e-04
2.542525455375053110e-04
2.386367038249588958e-04
2.239800328839275758e-04
2.102235672932781046e-04
1.973119777333430817e-04
1.851933448027945524e-04
1.738189472154247838e-04
1.631430634166999578e-04
1.531227857305052112e-04
1.437178462109598852e-04
1.348904534332299868e-04
1.266051395117335577e-04
1.188286166837108595e-04
1.115296428420969459e-04
1.046788954441451593e-04
9.824885326084824668e-05
9.221368546875127888e-05
8.654914761867536820e-05
8.123248404711212311e-05
7.624233632448272852e-05
7.155865736112788803e-05
6.716263081658518420e-05
6.303659548065873098e-05
5.916397431610619095e-05
5.552920787280419168e-05
5.211769180153415183e-05
4.891571821312635002e-05
4.591042064452658853e-05
4.308972240860517211e-05
4.044228811849313768e-05
3.795747819039129898e-05
3.562530614106375809e-05
3.343639850769476897e-05
3.138195722858996844e-05
2.945372433320313525e-05
2.764394879937572203e-05
2.594535544451966611e-05
2.435111572572385558e-05
2.285482033148092781e-05
2.145045345499443256e-05
2.013236864577463558e-05
1.889526614269598364e-05
1.773417159753692377e-05
1.664441610370567576e-05
1.562161745006328527e-05
1.466166252472190475e-05
1.376069079823505513e-05
1.291507882002631060e-05
1.212142566587967498e-05
1.137653927821727053e-05
1.067742364436713822e-05
1.002126676147019403e-05
9.405429339782363251e-06
8.827434199103924628e-06
8.284956315814912095e-06
7.775813480638308711e-06
7.297957529688103983e-06
6.849466113628230385e-06
6.428534971955442430e-06
6.033470681425111195e-06
5.662683849550485204e-06
5.314682725859541116e-06
4.988067205312500189e-06
4.681523199790403678e-06
4.393817355129040950e-06
4.123792092435104647e-06
3.870360953852445017e-06
3.632504234063136415e-06
3.409264879997881773e-06
3.199744642315454116e-06
3.003100463179769379e-06
2.818541085851184312e-06
2.645323872470190626e-06
2.482751817262323768e-06
2.330170743166129851e-06
2.186966670628294304e-06
2.052563347992093873e-06
1.926419933577065848e-06
1.808028820113049496e-06
1.696913592809605711e-06
1.592627112843633692e-06
1.494749718580703128e-06
1.402887537274803690e-06
1.316670900492081600e-06
1.235752856874709929e-06
1.159807776258552082e-06
1.088530039560523050e-06
1.021632809140399730e-06
9.588468747145396592e-07
8.999195701698307440e-07
8.446137569312966949e-07
7.927068697881493148e-07
7.439900213473271342e-07
6.982671615138148876e-07
6.553542886098776905e-07
6.150787089721320881e-07
5.772783420397534392e-07
5.418010681426585634e-07
5.085041163690632491e-07
4.772534900409901704e-07
4.479234275009044152e-07
4.203958960297987460e-07
3.945601168592792483e-07
3.703121193812870595e-07
3.475543227434944654e-07
3.261951431615229423e-07
3.061486253612966761e-07
2.873340966702652723e-07
2.696758423659503359e-07
2.531028009758952483e-07
2.375482783018641260e-07
2.229496790198377447e-07
2.092482547739060422e-07
1.963888677504167890e-07
1.843197687834051864e-07
1.729923890958695445e-07
1.623611448392208154e-07
1.523832536471108444e-07
1.430185624605095170e-07
1.342293859368090668e-07
1.259803547880971434e-07
1.182382734406054567e-07
1.109719864425239044e-07
1.041522530823091790e-07
9.775162971069650098e-08
9.174435929770028690e-08
8.610626777547433926e-08
8.081466675223479868e-08
7.584826220547931667e-08
7.118706878631112325e-08
6.681232939067489395e-08
6.270643967398359678e-08
5.885287720451704626e-08
5.523613497103737508e-08
5.184165897693764445e-08
4.865578966990464462e-08
4.566570697146940511e-08
4.285937868431719833e-08
4.022551207058768485e-08
3.775350840728379901e-08
3.543342033197981199e-08
3.325591181369085010e-08
3.121222058020617940e-08
2.929412285726524420e-08
2.749390027338334046e-08
2.580430879911597204e-08
2.421854959530513001e-08
2.273024165296283604e-08
2.133339611439732213e-08
2.002239217286379225e-08
1.879195445317258175e-08
1.763713178236296420e-08
1.655327726550095697e-08
1.553602958554416560e-08
1.458129545252578513e-08
1.368523313171792425e-08
1.284423698385645217e-08
1.205492295533161961e-08
1.131411496057622280e-08
1.061883210095650707e-08
9.966276669360628153e-09
9.353822891769769999e-09
8.779006361315264924e-09
8.239514120731426149e-09
7.733175355438207258e-09
7.257952657545562395e-09
6.811933827652602838e-09
6.393324179727975051e-09
6.000439319362238663e-09
5.631698365943435013e-09
5.285617590741034725e-09
4.960804446817265681e-09
4.655951965115412996e-09
4.369833495428237558e-09
4.101297770229194465e-09
3.849264272225953574e-09
3.612718886243980180e-09
3.390709818475894279e-09
3.182343766633448977e-09
2.986782325285459425e-09
2.803238612230105961e-09
2.630974102074069078e-09
2.469295654563459902e-09
2.317552725406192174e-09
2.175134748650830762e-09
2.041468679738743168e-09
1.916016689621418569e-09
1.798274000778887811e-09
1.687766855898591326e-09
1.584050611680015149e-09
1.486707949538303243e-09
1.395347196480904925e-09
1.309600749088715941e-09
1.229123594278605220e-09
1.153591921079550332e-09
1.082701817688830521e-09
1.016168048618645410e-09
9.537229068584319621e-10
8.951151368251676592e-10
8.401089232593292772e-10
7.884829424772799106e-10
7.400294716736987371e-10
6.945535532016920410e-10
6.518722100682523942e-10
6.118137097054652445e-10
5.742168729559214644e-10
5.389304255064482061e-10
5.058123892841289782e-10
4.747295110580401686e-10
4.455567263715755226e-10
4.181766562663644413e-10
3.924791349987651709e-10
3.683607667446979337e-10
3.457245096232803925e-10
3.244792851974872722e-10
3.045396119574931770e-10
2.858252614603005827e-10
2.682609354607634243e-10
2.517759629525904126e-10
2.363040158100605574e-10
2.217828419115326018e-10
2.081540146342329833e-10
1.953626978151249308e-10
1.833574250704402781e-10
1.720898927250814893e-10
1.615147654584858418e-10
1.515894939002643217e-10
1.422741433993190472e-10
1.335312333697110736e-10
1.253255864877537107e-10
1.176241871274989540e-10
1.103960485320812871e-10
1.036120881381059796e-10
9.724501055157365029e-11
9.126919773621357703e-11
8.566060591775956342e-11
8.039666885158280638e-11
7.545620703099083048e-11
7.081934245402550760e-11
6.646741866862152747e-11
6.238292568149701758e-11
5.854942952128593339e-11
5.495150609258154230e-11
5.157467916406036196e-11
4.840536205635140982e-11
4.543080303636069803e-11
4.263903397853645217e-11
4.001882221128004853e-11
3.755962532003444781e-11
3.525154875259225324e-11
3.308530598126144806e-11
3.105218115308464630e-11
2.914399400208928454e-11
2.735306697239423098e-11
2.567219428647744557e-11
2.409461298135956383e-11
2.261397568601089039e-11
2.122432507618158094e-11
1.992006991448171503e-11
1.869596256482429927e-11
1.754707784982193802e-11
1.646879325747405707e-11
1.545677033129145816e-11
1.450693722234347916e-11
1.361547229864177030e-11
1.277878877189855376e-11
1.199352027075397946e-11
1.125650728316817521e-11
1.056478446042775656e-11
9.915568673990815387e-12
9.306247822332972008e-12
8.734370321618700788e-12
8.197635239121240348e-12
7.693883039331929665e-12
7.221086887338412712e-12
6.777344507909305582e-12
6.360870513245965077e-12
5.969989235492144730e-12
5.603127978224363577e-12
5.258810686536475423e-12
4.935652012342698185e-12
4.632351737511912067e-12
4.347689543941415536e-12
4.080520105046397203e-12
3.829768472797916847e-12
3.594425757683774851e-12
3.373545068025092596e-12
3.166237697983315019e-12
2.971669553606154608e-12
2.789057798906317157e-12
2.617667701311791299e-12
2.456809679837979599e-12
2.305836530416949166e-12
2.164140815319604425e-12
2.031152430964167369e-12
1.906336300882064145e-12
1.789190233724642175e-12
1.679242897827579434e-12
1.576051924078896255e-12
1.479202127931389971e-12
1.388303838167946775e-12
1.302991328850145121e-12
1.222921349742410358e-12
1.147771742188788341e-12
1.077240144917126040e-12
1.011042776011778091e-12
9.489132946391756646e-13
8.906017253551629489e-13
8.358734535206726633e-13
7.845082827355366851e-13
7.362995472876187768e-13
6.910532811332083425e-13
6.485874382386769329e-13
6.087311590021583707e-13
5.713240832082901885e-13
5.362157057498796107e-13
5.032647692879689521e-13
4.723386966204148099e-13
4.433130592220471712e-13
4.160710724656878135e-13
3.905031297433827968e-13
3.665063602122368741e-13
3.439842136283119408e-13
3.228460723172541410e-13
3.030068890771709042e-13
2.843868414485788697e-13
2.669110119206512106e-13
2.505090878499998760e-13
2.351150768300879270e-13
2.206670413434303342e-13
2.071068503869801091e-13
1.943799454146586681e-13
1.824351201956660027e-13
1.712243150915550082e-13
1.607024239053194042e-13
1.508271125929256929e-13
1.415586478800713024e-13
1.328597385617334220e-13
1.246953852874674826e-13
1.170327387018072205e-13
1.098409688064135318e-13
1.030911395814771696e-13
9.675609351957380581e-14
9.081034163827711680e-14
8.522996172457534974e-14
7.999250124334547021e-14
7.507688738917382986e-14
7.046334250224647195e-14
6.613330414418206687e-14
6.206935063927774203e-14
5.825513066231209325e-14
5.467529810872524135e-14
5.131544954895551318e-14
4.816206673509000062e-14
4.520246226780414500e-14
4.242472811542636567e-14
3.981768843761169584e-14
3.737085350856147307e-14
3.507437903551223615e-14
3.291902502124900238e-14
3.089611945890992135e-14
2.899752344250956895e-14
2.721559780689323415e-14
2.554317319217188149e-14
2.397352064787925137e-14
2.250032471698096018e-14
2.111765799995200693e-14
1.981995752360973202e-14
1.860200192942121136e-14
1.745889086289041143e-14
1.638602507399970568e-14
1.537908793853095795e-14
1.443402790749178240e-14
1.354704282401706474e-14
1.271456375815358800e-14
1.193324135679187898e-14
1.119993199270278279e-14
1.051168511421106762e-14
9.865731669358728632e-15
9.259472742983920078e-15
8.690468987819032677e-15
8.156431039543286317e-15
7.655210258750819780e-15
7.184789944656751388e-15
6.743277444909053666e-15
6.328896331532479674e-15
5.939979290863734125e-15
5.574961646001313643e-15
5.232374665552303814e-15
4.910839983633111466e-15
4.609063907440768855e-15
4.325832279117510683e-15
4.060005529444431587e-15
3.810514077303411250e-15
3.576354127913010760e-15
3.356583527821382288e-15
3.150318044212873641e-15
2.956727804968106182e-15
2.775033863558382477e-15
2.604505191777866345e-15
2.444455677911372695e-15
2.294241363464239410e-15
2.153257859390140901e-15
2.020937972841777566e-15
1.896749251255998343e-15
1.780192047218792650e-15
1.670797390538625479e-15
1.568125163498015330e-15
1.471762254938207209e-15
1.381320912087227115e-15
1.296437308478798408e-15
1.216769892137707611e-15
1.141998098449199415e-15
1.071821126084988565e-15
1.005956598150763213e-15
9.441394978649616523e-16
8.861211412364551417e-16
8.316680594644479690e-16
7.805611714997897417e-16
7.325948674471967566e-16
6.875761318981602943e-16
6.453238431533321370e-16
6.056680087383025755e-16
5.684490766282187359e-16
5.335172687106115227e-16
5.007320611049929463e-16
4.699615433499997619e-16
4.410818989224728641e-16
4.139769513885486077e-16
3.885376228224941111e-16
3.646615663290928778e-16
3.422527226771635090e-16
3.212209170545335046e-16
3.014815548270962205e-16
2.829551837638045198e-16
2.655672715921839902e-16
2.492478764126906254e-16
2.339313235719676475e-16
2.195559890991632418e-16
2.060640355835316557e-16
1.934011749963786674e-16
1.815164659797938254e-16
1.703620785958295525e-16
1.598931440140659094e-16
1.500675276717564094e-16
1.408457105146162409e-16
1.321905884356954332e-16
1.240673316965182231e-16
1.164432593209250440e-16
1.092876945051948541e-16
1.025718411478453818e-16
9.626868886598600820e-17
9.035286738610068088e-17
8.480058365959210126e-17
7.958949655093539228e-17
7.469863265919013204e-17
7.010831735240257307e-17
6.580008388251648018e-17
6.175659531842262062e-17
5.796158381722757185e-17
5.439977792373086381e-17
5.105685274762949398e-17
4.791935102087253100e-17
4.497465252341456345e-17
4.221090663781203569e-17
3.961700183503856298e-17
3.718249092292246295e-17
3.489758442390677650e-17
3.275308688763229574e-17
3.074037329486660392e-17
2.885134099809450951e-17
2.707839481913314254e-17
2.541439682358811666e-17
2.385265121902934139e-17
2.238688082694787664e-17
2.101118158183197460e-17
1.972002015404020884e-17
1.850820056998166783e-17
1.737085259698509867e-17
1.630339285458507640e-17
1.530153144006674632e-17
1.436123469972106724e-17
1.347871883161238944e-17
1.265043668394814820e-17
1.187305363935495594e-17
1.114344119206879827e-17
1.045866304069427959e-17
9.815967002880736609e-18
9.212762604609491691e-18
8.646628408232658918e-18
8.115282233129124923e-18
7.616589702402900129e-18
7.148540823807049528e-18
6.709255262608131278e-18
6.296962513821075997e-18
5.910008052741527670e-18
5.546830685412426721e-18
5.205971115667262724e-18
4.886057857975267034e-18
4.585803365841564073e-18
4.304000000438779590e-18
4.039514989810645333e-18
3.791281315714598921e-18
3.558303587866519655e-18
3.339640406593504527e-18
3.134416065250846967e-18
2.941802799686688212e-18
2.761025267135880582e-18
2.591356685925180368e-18
2.432114986035571102e-18
2.282658257116839004e-18
2.142386605115092295e-18
2.010734321931311989e-18
1.887172252254330975e-18
1.771203553776382599e-18
1.662361160714354580e-18
1.560206728368305350e-18
1.464330190939205494e-18
1.374345401434012175e-18
1.289889848740935234e-18
1.210624987507858186e-18
1.136230656594038956e-18
1.066407960164337846e-18
1.000875726291815384e-18
9.393707785956233079e-19
8.816454015762343149e-19
8.274667513139808078e-19
7.766178686252598131e-19
7.288940494256740981e-19
6.841023972837415794e-19
6.420636787551845529e-19
6.026081459316697864e-19
5.655771374367065745e-19
5.308216934603705959e-19
4.982022460626839364e-19
4.675869847164009284e-19
4.388532920061438318e-19
4.118853045472211249e-19
3.865740634394923420e-19
3.628188183136748384e-19
3.405230569202956213e-19
3.195975957939122085e-19
2.999578183179387605e-19
2.815249819609426425e-19
2.642249594198079249e-19
2.479880509352528123e-19
2.327490233331926034e-19
2.184462639559704278e-19
2.050223159695897150e-19
1.924235820119136478e-19
1.805987819698688406e-19
1.695007953979443950e-19
1.590849623721682569e-19
1.493089772231090497e-19
1.401336835928978455e-19
1.315223767330830065e-19
1.234400588696502638e-19
1.158546131439102614e-19
1.087351518923644497e-19
1.020531836411072912e-19
9.578197774517396719e-20
8.989606034146350290e-20
8.437190131946108119e-20
7.918704746045330585e-20
7.432077337904404676e-20
6.975393418452152737e-20
6.546729959656637941e-20
6.144434979713304830e-20
5.766864331800931599e-20
5.412465369707982128e-20
5.079873693128437688e-20
4.767710492979251130e-20
4.474719407905745252e-20
4.199743917951129773e-20
3.941655068293616229e-20
3.699443680012475764e-20
3.472108541025819497e-20
3.258740822417464208e-20
3.058491373056696398e-20
2.870540345989758453e-20
2.694140297052238444e-20
2.528584313887093866e-20
2.373199645496631245e-20
2.227364152674020774e-20
2.090484353145756947e-20
1.962030012598686127e-20
1.841456052069248749e-20
1.728297387045697264e-20
1.622092317296563403e-20
1.522414916914347088e-20
1.428855706517085563e-20
1.341054077436122438e-20
1.258644064300910466e-20
1.181297186478476695e-20
1.108709238144383591e-20
1.040574754426872538e-20
9.766295079124252099e-21
9.166141945252139904e-21
8.602867809450456619e-21
8.074210552747625494e-21
7.578072890780012726e-21
7.112358999750080141e-21
6.675260543656137820e-21
6.265107735082490114e-21
5.880099507697817155e-21
5.518738914148516882e-21
5.179622157456207017e-21
4.861358812606484642e-21
4.562581927345546934e-21
4.282205100687062527e-21
4.019093377752223623e-21
3.772092328850351107e-21
3.540293026391096893e-21
3.322729746667377917e-21
3.118543972938828553e-21
2.926917091720837791e-21
2.747056647992563257e-21
2.578236077242810086e-21
2.419783961537199764e-21
2.271102471150430157e-21
2.131535096485665177e-21
2.000553272721661254e-21
1.877614247870840829e-21
1.762217502948206798e-21
1.653937913473095245e-21
1.552299298256022392e-21
1.456919816287745663e-21
1.367372137767694176e-21
1.283364082458364986e-21
1.204486585361912544e-21
1.130479588052742319e-21
1.060990179752652567e-21
9.958040261953116730e-22
9.346115676575413577e-22
8.771798862791176647e-22
8.232759651060265453e-22
7.726745834195912003e-22
7.252084824943070439e-22
6.806233675952092141e-22
6.388133904545707601e-22
5.995518643022457747e-22
5.627156947778454811e-22
5.281398211509069753e-22
4.956869215150824952e-22
4.652193117439796156e-22
4.366269063336637073e-22
4.098005197610520288e-22
3.846235491251437803e-22
3.609865438637800672e-22
3.388015760428618306e-22
3.179819949761401804e-22
2.984396291142559016e-22
2.800976544888154459e-22
2.628864401022371338e-22
2.467280503092227132e-22
2.315686398239830173e-22
2.173383185397624009e-22
2.039805789857837036e-22
1.914483807886043862e-22
1.796782306848899197e-22
1.686377019004520673e-22
1.582730718204539122e-22
1.485501605283242782e-22
1.394196596635412393e-22
1.308546229592479576e-22
1.228119565846511876e-22
1.152664137633947156e-22
1.081820310603480832e-22
1.015365037371473556e-22
9.529601148221426676e-23
8.943909032814933930e-23
8.394172056838812752e-23
7.878456415041781080e-23
7.394022173716492204e-23
6.940171079257888756e-23
6.513631268714399464e-23
6.113424330876416882e-23
5.737538723490182574e-23
5.384979496533432640e-23
5.054168483995631564e-23
4.743682209592800923e-23
4.452248041885515541e-23
4.178313984281361025e-23
3.921570261729175554e-23
3.680552197355034009e-23
3.454562831387597129e-23
3.242120587332956442e-23
3.042950390279389156e-23
2.856009275351948171e-23
2.680368481382861812e-23
2.515724572532620975e-23
2.360986722157340695e-23
2.215942272293679563e-23
2.079901413581236202e-23
1.952117176647752023e-23
1.832233053121222589e-23
1.719634290101926231e-23
1.613888369701116174e-23
1.514556215689694969e-23
1.421576513998249059e-23
1.334242617409763320e-23
1.252167552846909316e-23
1.175224934027925958e-23
1.103065016305939870e-23
1.035175986806291976e-23
9.715648790118984102e-24
9.119107054469062793e-24
8.558628643305241647e-24
8.032011466661553956e-24
7.539056625519292338e-24
7.075269770374124909e-24
6.641421563537745679e-24
6.232807648577827571e-24
5.850117075658002711e-24
5.490635590131633492e-24
5.153549416385032773e-24
4.837010651455135477e-24
4.539808232327090326e-24
4.259868302349712212e-24
3.998256021309350609e-24
3.752773046329338609e-24
3.521303970517166711e-24
3.305411009262959762e-24
3.102355194423144966e-24
2.911927587527512025e-24
2.733137658900057148e-24
2.565311692089697625e-24
2.407481992810668399e-24
2.258993378377409393e-24
2.120625714976374099e-24
1.990330179843795909e-24
1.868060904502488563e-24
1.753510715223569758e-24
1.645526246639426466e-24
1.544301411211139373e-24
1.449733014952097473e-24
1.359889893745881298e-24
1.276930910710857139e-24
1.198347389320067783e-24
1.124693830371222328e-24
1.055575578318648016e-24
9.906583795464046883e-25
9.298123781798437864e-25
8.730262326582640569e-25
8.191917428619936628e-25
7.691935796193095903e-25
7.215981433806667331e-25
6.771495476940316561e-25
6.357108427986580804e-25
5.966975871491802221e-25
5.597837774765019357e-25
5.255624130031038955e-25
4.933702428414065002e-25
4.629613010374599628e-25
4.343348769231148047e-25
4.074917328295912627e-25
3.827155015190607147e-25
3.591671847492829668e-25
3.367997697156841139e-25
3.163246880906324361e-25
2.968213336005011118e-25
2.785408322470434273e-25
2.615821462552630193e-25
2.455870226109967296e-25
2.303880270315588566e-25
2.162393649362390160e-25
2.029066309100233513e-25
1.902340068324262975e-25
1.786451047623162809e-25
1.677365928396210808e-25
1.574052858527480025e-25
1.477280019730896101e-25
1.386122124483249950e-25
1.299784273487091801e-25
1.220387322343522128e-25
1.145977661642992964e-25
1.076084471329062113e-25
1.009631204229583234e-25
9.484659249412919870e-26
8.888024140827434780e-26
8.348867406337497016e-26
7.835181561196385745e-26
7.353179401422682774e-26
6.906494659690779922e-26
6.484896351968498767e-26
6.082362443190836628e-26
5.708887633471038563e-26
5.362260086157060621e-26
5.034863196097563353e-26
4.724404168971584275e-26
4.440072043859501301e-26
4.164350072638468262e-26
3.908595802431983171e-26
3.668485985145495766e-26
3.447475787247485359e-26
3.226086230502385492e-26
3.027619611956467490e-26
2.853520341753129109e-26
2.667627025645165715e-26
2.506013057325798027e-26
2.348921283256823372e-26
2.212394926171755889e-26
2.075112574175968362e-26
1.945190246518385508e-26
1.830445327750755361e-26
1.719831173620502338e-26
1.616011859223267895e-26
1.512819638449281873e-26
1.422065293534386009e-26
1.331194872821741927e-26
1.253803370140327080e-26
1.176614967604903804e-26
1.106340306902440715e-26
1.033233682976259074e-26
9.727656649576213515e-27
9.091880633211940873e-27
8.574744236611979529e-27
8.035658618288944480e-27
7.526646889567064367e-27
7.079229493991661229e-27
6.643039668138928055e-27
6.227782016516824145e-27
5.843218596530962301e-27
5.497696304300881736e-27
5.161869648967456917e-27
4.847557388523911777e-27
4.542464326019967439e-27
4.262258804332875497e-27
3.981083047288049877e-27
3.738295118487745079e-27
3.487226280742620637e-27
3.294334959755511468e-27
3.109182253989131110e-27
2.904628464223785035e-27
2.732285720370631803e-27
2.551075260792728440e-27
2.419147506821185122e-27
2.273500595520855920e-27
2.126718589259553491e-27
1.993258770054312280e-27
1.870914022188864512e-27
1.762219976879741815e-27
1.646583243010594790e-27
1.553817276305848611e-27
1.448425514738807335e-27
1.358637890359496645e-27
1.281602762958697427e-27
1.204686718213772102e-27
1.131896677448142620e-27
1.055692384188289903e-27
9.934973173809720927e-28
9.276330169918563299e-28
8.789961599552843918e-28
8.314628607768463399e-28
7.792659222380745964e-28
7.199576799726474232e-28
6.723246296601522649e-28
6.467914208294440468e-28
6.005203640994952369e-28
5.604706509059626673e-28
5.341716080699310173e-28
5.030302236488508451e-28
4.593568732649536913e-28
4.372809012774150003e-28
4.136085259589737296e-28
3.919678141388665539e-28
3.636889995794398924e-28
3.453585279994968881e-28
3.296144358901201124e-28
3.018235075338553475e-28
2.832105020310707356e-28
2.732490627279652453e-28
2.565481204739682812e-28
2.370602612939457674e-28
2.264186798309799248e-28
2.115492006575980026e-28
1.923019021646916070e-28
1.783079025957795126e-28
1.679380578109045565e-28
1.625257613329389366e-28
1.501399614158387938e-28
1.417524041003487050e-28
1.348436480185320505e-28
1.295650110787069048e-28
1.217983615402251084e-28
1.126043210605228647e-28
1.058895542723546144e-28
9.958599760143734391e-29
9.163271341428227199e-29
8.978112436574838344e-29
8.345767043109316229e-29
7.737635403869602636e-29
7.321480461486408712e-29
7.046996925812339859e-29
